9 268 473
48 375 636 1269 5505 6798 6870
6 55 217 582 700 996 1105 1627 1760 2066 2165
23 312 477 617 742
15 259 439 713 1275 1339 1865 2066 7474 7550 7929
64 1293 1383 1753 1858 3068 3798 4028
21 425 1055 1365 1655 1745
3 41 261
9 268 473
49 288 387
48 375 636 1269 5505 6798 6870
6 55 217 582 700 996 1105 1627 1760 2066 2165
12 312 477 617 742
3 259 439 713 1275 1339 1865 2066 7474 7550 7929
64 1293 1383 1753 1858 3068 3798 4028
21 425 1055 1365 1655 1745
140 959 1154 1514 1632 1956 2254 2632 4734 4886 5127
3 41 261
9 268 473
48 375 636 1269 5505 6798 6870
6 55 217 582 700 996 1105 1627 1760 2066 2165
27 312 477 617 742
65 259 439 713 1275 1339 1865 2066 7474 7550 7929
64 1293 1383 1753 1858 3068 3798 4028
21 425 1055 1365 1655 1745
140 959 1154 1514 1632 1956 2254 2632 4734 4886 5127
3 41 261
9 268 473
2 288 387
48 375 636 1269 5505 6798 6870
6 55 217 582 700 996 1105 1627 1760 2066 2165
5 312 477 617 742
24 259 439 713 1275 1339 1865 2066 7474 7550 7929
64 1293 1383 1753 1858 3068 3798 4028
21 425 1055 1365 1655 1745
140 959 1154 1514 1632 1956 2254 2632 4734 4886 5127
3 41 261
39 321 520
59 233
12 118 325 1790 2749 2850
36 165 285 1035 1175
111 380 775 1105
223 528 772 897 1340 1456 1751 2085 5518 5583 5915
21 886 1621 1756 2411 2551 2591 3281 3661 3751
120 279 589 619
75 224 564
39 321 520
59 233
12 118 325 1790 2749 2850
36 165 285 1035 1175
111 380 775 1105
223 528 772 897 1340 1456 1751 2085 5518 5583 5915
21 886 1621 1756 2411 2551 2591 3281 3661 3751
75 224 564
39 321 520
59 233
12 118 325 1790 2749 2850
36 165 285 1035 1175
111 380 775 1105
21 886 1621 1756 2411 2551 2591 3281 3661 3751
16 196 645 1212 1362 1786 7577 7651 7835
75 224 564
39 321 520
59 233
12 118 325 1790 2749 2850
36 165 285 1035 1175
111 380 775 1105
223 528 772 897 1340 1456 1751 2085 5518 5583 5915
21 886 1621 1756 2411 2551 2591 3281 3661 3751
16 196 645 1212 1362 1786 7577 7651 7835
75 224 564
26 189 361 405
2 263
6 137 516 778 3192 3459
4 57 152 353 443 633 703 932 1027 1292 1382 1482
16 245 450 710
2 268 545 652 2025 2213 7549 7756
181 390 635 670
3 219 397 740 1035 2076 2260 3050 3174 3477
3 111 326
26 189 361 405
57 263
16 245 450 710
3 111 326
26 189 361 405
2 263
6 137 516 778 3192 3459
4 57 152 353 443 633 703 932 1027 1292 1382 1482
16 245 450 710
3 268 545 652 2025 2213 7549 7756
136 1618 1913 2048 2902 3002 3167 3237 3451 3486 3746 3826
181 390 635 670
3 219 397 740 1035 2076 2260 3050 3174 3477
3 111 326
26 189 361 405
2 263
6 137 516 778 3192 3459
4 57 152 353 443 633 703 932 1027 1292 1382 1482
16 245 450 710
25 268 545 652 2025 2213 7549 7756
136 1618 1913 2048 2902 3002 3167 3237 3451 3486 3746 3826
181 390 635 670
23 219 397 740 1035 2076 2260 3050 3174 3477
3 111 326
42 265 433
176 285 425 545 735 957
24 164 450 545 3616 3871
91 200 741 801 1040
339 528 707 992
130 256 433 714 899 1113 1471 1717 3269 3701 3888
74 81 606 761 821 1376
60 375 664
48 217 337
42 265 433
339 528 707 992
60 375 664
48 217 337
42 265 433
176 285 425 545 735 958
24 164 450 545 3616 3871
91 200 741 801 1040
339 528 707 992
130 256 433 714 899 1113 1471 1717 3269 3701 3888
3 81 606 761 821 1376
60 375 664
14 164 396 496 555 842 1153
48 217 337
42 265 433
24 164 450 545 3616 3871
91 200 741 801 1040
339 528 707 992
130 256 433 714 899 1113 1471 1717 3269 3701 3888
3 81 606 761 821 1376
60 375 664
2 164 396 496 555 842 1153
48 217 337
44 63 244 408 489
93 118 270 387 555 688
2 287 537 1091 1202 2162 2217 3351 3499
21 105 215 605 680 810
5 98 318 668 948
46 1214 1328 1478
199 250 428 488 785 988
2 628 852 1078 1274 3499 3638 3880
10 139 284 464
44 63 244 408 489
18 118 270 387 555 688
5 98 318 668 948
10 139 284 464
44 63 244 408 489
24 118 270 387 555 688
21 105 215 605 680 810
5 98 318 668 948
16 204 445 651 1022 1071 1239 1614 1796 4628 4767 5680 5791
2 628 852 1078 1274 3499 3638 3880
10 139 284 464
44 63 244 408 489
14 118 270 387 555 688
2 287 537 1091 1202 2162 2217 3351 3499
21 105 215 605 680 810
5 98 318 668 948
2 204 445 651 1022 1071 1239 1614 1796 4628 4767 5680 5791
46 1214 1328 1478
199 250 428 488 785 988
2 628 852 1078 1274 3499 3638 3880
10 139 284 464
18 118 270 387 555 688
2 287 537 1091 1202 2162 2217 3351 3499
21 105 215 605 680 810
5 98 318 668 948
3 204 445 651 1022 1071 1239 1614 1796 4628 4767 5680 5791
46 1214 1328 1478
199 250 428 488 785 988
2 628 852 1078 1274 3499 3638 3880
10 139 284 464
45 100 900 1132
3 225
44 474 928 1200 1720 1877
32 208 978 1088 1248
141 425 605 755
94 413 697 958 1632 2123 2435 5365 5458 5765
30 894 1434 2199 2259 3109 3179 3579
51 174 254 484 1309 1599
233 622 1118 1406 1575 1973 4187 4449 5220
392 555 679
45 100 900 1132
5 225
44 474 928 1200 1720 1877
141 425 605 755
392 555 679
3 225
44 474 928 1200 1720 1877
141 425 605 755
51 174 254 484 1309 1599
392 555 679
45 100 900 1132
3 225
44 474 928 1200 1720 1877
32 208 978 1088 1248
141 425 605 755
94 413 697 958 1632 2123 2435 5365 5458 5765
30 894 1434 2199 2259 3109 3179 3579
51 174 254 484 1309 1599
233 622 1118 1406 1575 1973 4187 4449 5220
392 555 679
45 100 900 1132
6 225
44 474 928 1200 1720 1877
32 208 978 1088 1248
141 425 605 755
94 413 697 958 1632 2123 2435 5365 5458 5765
30 894 1434 2199 2259 3109 3179 3579
51 174 254 484 1309 1599
233 622 1118 1406 1575 1973 4187 4449 5220
392 555 679
37 108 334 669 793
2 260
89 229 578 1128 2241 2479 2720
71 190 870 950 1100
72 421 621 821
27 92 161 240 476 689 1686 1962 2135 4001 4087 4713
20 1629 1734 1844 2574 2624 3029 3064 3314
41 260 845 1345
32 181 403 945 1201 1991 2046 2180
86 118 289
37 108 334 669 793
18 260
89 229 578 1128 2241 2479 2720
71 190 870 950 1100
72 421 621 821
32 181 403 945 1201 1991 2046 2180
86 118 289
37 108 334 669 793
18 260
89 229 578 1128 2241 2479 2720
72 421 621 821
86 118 289
37 108 334 669 793
3 260
71 190 870 950 1100
72 421 621 821
27 92 161 240 476 689 1686 1962 2135 4001 4087 4713
20 1629 1734 1844 2574 2624 3029 3064 3314
41 260 845 1345
32 181 403 945 1201 1991 2046 2180
86 118 289
37 108 334 669 793
12 260
89 229 578 1128 2241 2479 2720
71 190 870 950 1100
72 421 621 821
27 92 161 240 476 689 1686 1962 2135 4001 4087 4713
20 1629 1734 1844 2574 2624 3029 3064 3314
41 260 845 1345
32 181 403 945 1201 1991 2046 2180
86 118 289
21 163 432 802 860
33 145 435 565
107 186 1306 1476 1616
112 271 551 1211
50 334 630 737 1500 1562 1800 2051 2827 3905 4063 4486
6 105 1445 2084 2514 2749 2969 3119
127 276 956 1426
86 140 280 600
21 163 432 802 860
48 145 435 565
146 359 540 664 2190 2280 2452
107 186 1306 1476 1616
112 271 551 1211
3 334 630 737 1500 1562 1800 2051 2827 3905 4063 4486
127 276 956 1426
63 120 457 962 1199 1550 1695 2038 2118 2403
86 140 280 600
21 163 432 802 860
92 145 435 565
146 359 540 664 2190 2280 2452
107 186 1306 1476 1616
112 271 551 1211
127 276 956 1426
86 140 280 600
21 163 432 802 860
3 145 435 565
146 359 540 664 2190 2280 2452
107 186 1306 1476 1616
112 271 551 1211
3 334 630 737 1500 1562 1800 2051 2827 3905 4063 4486
6 105 1445 2084 2514 2749 2969 3119
127 276 956 1426
63 120 457 962 1199 1550 1695 2038 2118 2403
86 140 280 600
21 163 432 802 860
6 145 435 565
146 359 540 664 2190 2280 2452
107 186 1306 1476 1616
112 271 551 1211
5 334 630 737 1500 1562 1800 2051 2827 3905 4063 4486
6 105 1445 2084 2514 2749 2969 3119
127 276 956 1426
63 120 457 962 1199 1550 1695 2038 2118 2403
86 140 280 600
53 318 477 593
3 140 285
156 336 3059 3157 3247
201 1050 1310 1460
31 150 520 640 865 995 1305
473 653 980 1264 1993 2124 3184 4075 7410 7620 8235
91 925 1040 2310 2360 2860 2930
46 360 1540 2200
961 1279 2147 4150 4296 4641
106 220 306 709
53 318 477 593
51 140 285
156 336 3059 3157 3247
201 1050 1310 1460
31 150 520 640 865 995 1305
473 653 980 1264 1993 2124 3184 4075 7410 7620 8235
91 925 1040 2310 2360 2860 2930
46 360 1540 2200
66 140 285
156 336 3059 3157 3247
91 925 1040 2310 2360 2860 2930
46 360 1540 2200
53 318 477 593
23 140 285
156 336 3059 3157 3247
201 1050 1310 1460
31 150 520 640 865 995 1305
473 653 980 1264 1993 2124 3184 4075 7410 7620 8235
91 925 1040 2310 2360 2860 2930
46 360 1540 2200
961 1279 2147 4150 4296 4641
106 220 306 709
53 318 477 593
3 140 285
156 336 3059 3157 3247
201 1050 1310 1460
31 150 520 640 865 995 1305
473 653 980 1264 1993 2124 3184 4075 7410 7620 8235
91 925 1040 2310 2360 2860 2930
46 360 1540 2200
961 1279 2147 4150 4296 4641
106 220 306 709
304 483 595
3 176
8 263 628 803 969 1741 2324
133 458 564
232 381 786 911 1401
71 145 745 885 935 1115 1445 1575 1625 2155 2195 2495 2580
65 264 1044 1884
437 635 1116 1567 1964
156 885 1085
304 483 595
2 181
8 263 628 803 969 1741 2324
133 458 564
232 381 786 911 1401
25 132 267 568 811 1062 1181 1799 2594 4625 4710 5048 5168
71 145 745 885 935 1115 1445 1575 1625 2155 2195 2495 2580
65 264 1044 1884
437 635 1116 1567 1964
156 885 1085
133 458 564
71 145 745 885 935 1115 1445 1575 1625 2155 2195 2495 2580
65 264 1044 1884
156 885 1085
304 483 595
2 181
8 263 628 803 969 1741 2324
133 458 564
232 381 786 911 1401
25 132 267 568 811 1062 1181 1799 2594 4625 4710 5048 5168
71 145 745 885 935 1115 1445 1575 1625 2155 2195 2495 2580
65 264 1044 1884
437 635 1116 1567 1964
156 885 1085
69 328 528 598
20 269 516
45 224 944 1279
310 827 996 1185
3 307 807 1588 2875 3170 5398 6721 6836
11 3085 3325 3645
21 580 1290 1750 1840
6 407 916 1054 1422 1670 2075 2906 3329
69 328 528 598
42 269 516
75 384 678 1440 1856 2363 3087
45 224 944 1279
310 827 996 1185
2 307 807 1588 2875 3170 5398 6721 6836
11 3085 3325 3645
21 580 1290 1750 1840
6 407 916 1054 1422 1670 2075 2906 3329
69 328 528 598
16 269 506
45 224 944 1279
3 307 807 1588 2875 3170 5398 6721 6836
69 328 528 598
38 269 517
2 384 678 1440 1856 2363 3087
45 224 944 1279
310 827 996 1185
17 307 807 1588 2875 3170 5398 6721 6836
11 3085 3325 3645
21 580 1290 1750 1840
6 407 916 1054 1422 1670 2075 2906 3329
11 420 670
49 448 609 924
115 554 824
24 269 524 2052 2255 2655 2764
71 225 1535 1655 2165
70 250 579 928
23 255 656 1503 1641 2177 2783 5819 6120 6776
61 1340 1415 1495 1935 2065 2400 2500 3020 3680 3815 3865 4045 4095 4515 4615 4845
69 287 1002 1779
11 183 442 1029 1308 1921 2878 2985 3489
331 565 895
49 448 609 924
115 554 824
24 269 524 2052 2255 2655 2764
71 225 1535 1655 2165
70 250 579 928
90 255 656 1503 1641 2177 2783 5819 6120 6776
61 1340 1415 1495 1935 2065 2400 2500 3020 3680 3815 3865 4045 4095 4515 4615 4845
69 287 1002 1779
11 183 442 1029 1308 1921 2878 2985 3489
331 565 895
115 554 824
24 269 524 2052 2255 2655 2764
70 250 579 928
3 255 656 1503 1641 2177 2783 5819 6120 6776
11 183 442 1029 1308 1921 2878 2985 3489
49 448 609 924
115 554 824
24 269 524 2052 2255 2655 2764
71 225 1535 1655 2165
70 250 579 928
3 255 656 1503 1641 2177 2783 5819 6120 6776
61 1340 1415 1495 1935 2065 2400 2500 3020 3680 3815 3865 4045 4095 4515 4615 4845
69 287 1002 1779
11 183 442 1029 1308 1921 2878 2985 3489
331 565 895
44 211 343
30 139 529 1909 2089
10 139 519 1264 1614 1774 3134 3944 4124
384 648 1898 2718
44 211 343
30 139 529 1909 2089
10 139 519 1264 1614 1774 3134 3944 4124
384 648 1898 2718
44 211 343
10 139 519 1264 1614 1774 3134 3944 4124
59 240 394
2 315 585
10 278 3434 3606
83 313 1172 1336
42 261 450 600
2 566 1067 1228 2463 3378 3710 6865 6943 7043
31 785 1035 1205 1465 1615 2150 2465 2674
280 558 1617 1965
509 733 2362 2492 2776
50 369 629
59 240 394
2 315 585
10 278 3434 3606
83 313 1172 1336
42 261 450 600
9 566 1067 1228 2463 3378 3710 6865 6943 7043
31 785 1035 1205 1465 1615 2150 2465 2674
280 558 1617 1965
509 733 2362 2492 2776
50 369 629
7 315 585
3 566 1067 1228 2463 3378 3710 6865 6943 7043
280 558 1617 1965
509 733 2362 2492 2776
50 369 629
16 75 276 470
20 144 441 521 591 866 1026
21 210 350 620
3 518 1210 1381 1639 1937 2284 2365 2600 3075 5209 5386 5633 6656 6792
258 595 1202 1581 1730
40 639 1315 1532 1662 1831 1987 2328 2487 2795
22 126 296
81 314 485 532
34 75 276 470
30 815 1241 1737 2494 2666
20 144 441 521 591 866 1026
21 210 350 620
2 518 1210 1381 1639 1937 2284 2365 2600 3075 5209 5386 5633 6656 6792
258 595 1202 1581 1730
112 416 971 1116 1556
40 639 1315 1532 1662 1831 1987 2328 2487 2795
22 126 296
12 75 276 470
30 815 1241 1737 2494 2666
21 210 350 620
112 416 971 1116 1556
40 639 1315 1532 1662 1831 1987 2328 2487 2795
22 126 296
95 346 1325
33 160 440 682
66 474 1867 6458 6733
21 400 1405 2295
657 971 1291 1906 2106 2496
33 613 1038 1355 3215 3603 4510 8432 8575 8786
454 1028 1153 1183 1288 1428 1463 1748 1853 1883 2103 2333 2376 3556 3606 3936 4101 4141 4761 4916 4966 5296 5406 5456
157 576 1901 2076 3441
435 1449 1654 2318 2408 4089 4303 4635
34 243 423 713
95 346 1325
18 160 440 682
66 474 1867 6458 6733
21 400 1405 2295
657 971 1291 1906 2106 2496
16 613 1038 1355 3215 3603 4510 8432 8575 8786
454 1028 1153 1183 1288 1428 1463 1748 1853 1883 2103 2333 2376 3556 3606 3936 4101 4141 4761 4916 4966 5296 5406 5456
157 576 1901 2076 3441
435 1449 1654 2318 2408 4089 4303 4635
34 243 423 713
29 160 440 683
657 971 1291 1906 2106 2496
34 243 423 713
123 277 350
46 350
36 290 828 1356 2045 2533 3467 3793
36 85 240 1060 1150 1250
124 213 323 358 458
6 502 757 995 1118 1925 2130 2581 6004 6391 6711
218 1812 1862 1992 2032 2152 2182 2322 2367 2777 2852 3277 3582
21 220 725 795 1045
27 448 598 737 986 1122 1490 2623 2797
120 259 404
123 277 350
46 350
36 290 828 1356 2045 2533 3467 3793
36 85 240 1060 1150 1250
124 213 323 358 458
2 502 757 995 1118 1925 2130 2581 6004 6391 6711
218 1812 1862 1992 2032 2152 2182 2322 2367 2777 2852 3277 3582
21 220 725 795 1045
66 448 598 737 986 1122 1490 2623 2797
120 259 404
123 277 350
46 350
124 213 323 358 458
21 220 725 795 1045
120 259 404
82 212 329
83 120 380 495
35 328 767 1085 2500 2665
52 191 271 811 961
65 313 452 586
3 347 911 1051 1486 1878 2101 3248 3362
30 179 1239 2019 3184 3404 3724 3959 4229 4399
201 395 685 855 1075 1185
163 524 2219 2654 2968 3115
30 99 259 449
82 212 329
83 120 380 495
35 328 767 1085 2500 2665
52 191 271 811 961
65 313 452 586
2 347 911 1051 1486 1878 2101 3248 3362
30 179 1239 2019 3184 3404 3724 3959 4229 4399
201 395 685 855 1075 1185
163 524 2219 2654 2968 3115
30 99 259 449
82 212 329
65 313 452 586
201 395 685 855 1075 1185
30 99 259 449
63 296 462
56 194 440
50 227 359 646 2060
75 186 548 629 728
221 435 800 960
41 270 370 540 580 750 920
3 183 700 1081 1200 1485 3777 3942
81 175 416 586
50 227 359 646 2322 2407
63 296 462
50 227 359 646 2322 2407
75 186 548 629 728
221 435 800 960
60 1009 1074 1834 1884 1964
41 270 370 540 580 750 920
2 183 700 1081 1200 1485 3777 3942
81 175 416 586
63 296 462
56 194 440
75 186 548 629 728
221 435 800 960
60 1009 1074 1834 1884 1964
41 270 370 540 580 750 920
2 183 700 1081 1200 1485 3777 3942
81 175 416 586
169 330 500 521
68 202 402
49 158 456 685 2519 2594
86 155 675 735 1095
171 330 420 480
5 244 412 542 960 1036 1237 3365 3443
187 571 641 826 856 1196 1361 1437 1537
187 317 347 565 778
100 284 580 667 849 1028 1504 1588 1874 2049
50 284 414
169 330 500 521
68 202 402
50 284 414
169 330 500 521
68 202 402
49 158 456 685 2519 2594
86 155 675 735 1095
171 330 420 480
187 571 641 826 856 1196 1361 1437 1537
187 317 347 565 778
2 284 580 667 849 1028 1504 1588 1874 2049
50 284 414
169 330 500 521
68 202 402
49 158 456 685 2519 2594
86 155 675 735 1095
171 330 420 480
11 244 412 542 960 1036 1237 3365 3443
187 571 641 826 856 1196 1361 1437 1537
187 317 347 565 778
2 284 580 667 849 1028 1504 1588 1874 2049
50 284 414
32 353 511
2 93 417 839 3765 3891
21 285 1215 1650
40 208 568 868
3 277 546 1042 1956 2241 2842 6901
181 1570 1740 4010 5055 5245
15 404 1014 1444 1494
44 309 654 951 1837 2195
11 80 240
32 353 511
3 560 930 1110
2 93 417 839 3765 3891
21 285 1215 1650
40 208 568 868
3 277 546 1042 1956 2241 2842 6901
181 1570 1740 4010 5055 5245
15 404 1014 1444 1494
49 309 654 951 1837 2195
11 80 240
32 353 511
2 93 417 839 3765 3891
21 285 1215 1650
40 208 568 868
23 277 546 1042 1956 2241 2842 6901
181 1570 1740 4010 5055 5245
15 404 1014 1444 1494
55 309 654 951 1837 2195
11 80 240
32 353 511
2 93 417 839 3765 3891
21 285 1215 1650
40 208 568 868
3 277 546 1042 1956 2241 2842 6901
181 1570 1740 4010 5055 5245
15 404 1014 1444 1494
31 309 654 951 1837 2195
11 80 240
39 298 596
2 600 713 919
25 125 334 625 1822 1867 2343
61 220 1389 1589
21 305 550 745
4 195 458 574 1154 1341 1607 4208
20 1419 1599 2699 3239 3456
11 160 985 1210 1270
21 142 437 680 1088 1321
21 200 330
39 298 596
3 600 713 919
25 125 334 625 1822 1867 2343
61 220 1389 1589
21 305 550 745
3 195 458 574 1154 1341 1607 4208
20 1419 1599 2699 3239 3456
11 160 985 1210 1270
2 142 437 680 1088 1321
21 200 330
39 298 596
2 600 713 919
25 125 334 625 1822 1867 2343
61 220 1389 1589
21 305 550 745
14 195 458 574 1154 1341 1607 4208
20 1419 1599 2699 3239 3456
11 160 985 1210 1270
13 142 437 680 1088 1321
21 200 330
39 298 596
2 600 713 919
25 125 334 625 1822 1867 2343
61 220 1389 1589
21 305 550 745
51 195 458 574 1154 1341 1607 4208
20 1419 1599 2699 3239 3456
11 160 985 1210 1270
3 142 437 680 1088 1321
21 200 330
9 332 601 641
3 460 709
3 587 2308 2600 2951 3042
21 160 1165 1265 1445
184 538 833 1023
11 304 528 763 1140 1297 1564 1696 1881 2255 2850 3024 5770 5911 7265 7347 7455
16 585 1195 1245 1470 1505 2115 2185 2500 2600
11 240 800 1000 1080
31 129 527 3142 3257 3416
3 49 303
9 332 601 641
18 460 709
3 587 2308 2600 2951 3042
21 160 1165 1265 1445
184 538 833 1023
3 304 528 763 1140 1297 1564 1696 1881 2255 2850 3024 5770 5911 7265 7347 7455
16 585 1195 1245 1470 1505 2115 2185 2500 2600
11 240 800 1000 1080
31 129 527 3142 3257 3416
3 49 303
9 332 601 641
3 460 709
3 587 2308 2600 2951 3042
21 160 1165 1265 1445
184 538 833 1023
46 304 528 763 1140 1297 1564 1696 1881 2255 2850 3024 5770 5911 7265 7347 7455
16 585 1195 1245 1470 1505 2115 2185 2500 2600
11 240 800 1000 1080
31 129 527 3142 3257 3416
3 49 303
9 332 601 641
3 460 709
2 587 2308 2600 2951 3042
21 160 1165 1265 1445
184 538 833 1023
3 304 528 763 1140 1297 1564 1696 1881 2255 2850 3024 5770 5911 7265 7347 7455
16 585 1195 1245 1470 1505 2115 2185 2500 2600
11 240 800 1000 1080
31 129 527 3142 3257 3416
3 49 303
13 68 470 644
14 498 852 2803 2885
26 95 355 745 875
3 624 894 1225 3210 3701 4122 8704 8814 8930
31 1365 1420 1550 1670 2070 2400 2510
76 345 1305 1415 1440
734 1677 2016 2354 3930 4061 4375
51 130 800 1210
13 68 470 644
14 498 852 2803 2885
58 182 237 407 447 1297 1337 1537 1687 1767
26 95 355 745 875
3 624 894 1225 3210 3701 4122 8704 8814 8930
31 1365 1420 1550 1670 2070 2400 2510
76 345 1305 1415 1440
734 1677 2016 2354 3930 4061 4375
51 130 800 1210
13 68 470 644
7 49 377 601
14 498 852 2803 2885
58 182 237 407 447 1297 1337 1537 1687 1767
26 95 355 745 875
2 624 894 1225 3210 3701 4122 8704 8814 8930
31 1365 1420 1550 1670 2070 2400 2510
76 345 1305 1415 1440
734 1677 2016 2354 3930 4061 4375
51 130 800 1210
13 68 470 644
14 498 852 2803 2885
2 624 894 1225 3210 3701 4122 8704 8814 8930
31 1365 1420 1550 1670 2070 2400 2510
76 345 1305 1415 1440
734 1677 2016 2354 3930 4061 4375
13 68 470 644
7 49 377 601
14 498 852 2803 2885
58 182 237 407 447 1297 1337 1537 1687 1767
26 95 355 745 875
3 624 894 1225 3210 3701 4122 8704 8814 8930
31 1365 1420 1550 1670 2070 2400 2510
76 345 1305 1415 1440
734 1677 2016 2354 3930 4061 4375
51 130 800 1210
14 55 307 496
22 503 742 2103 2296
46 211 725 764
7 71 301 601 691
2 351 630 784 1603 1763 3215
26 80 890 930 1025 1635 2070 2155
86 290 375 1005 1395
17 398 583 732 931 1541 1632 1827
14 55 307 496
22 56 271 416
22 503 742 2103 2296
46 211 725 764
7 71 301 601 691
48 351 630 784 1603 1763 3215
26 80 890 930 1025 1635 2070 2155
86 290 375 1005 1395
19 398 583 732 931 1541 1632 1827
124 218 603 1043
14 55 307 496
22 56 271 418
22 503 742 2103 2296
46 211 725 764
7 71 301 601 691
86 290 375 1005 1395
3 398 583 732 931 1541 1632 1827
124 218 603 1043
14 55 307 496
22 56 271 418
22 503 742 2103 2296
46 211 725 764
7 71 301 601 691
29 351 630 784 1603 1763 3215
26 80 890 930 1025 1635 2070 2155
86 290 375 1005 1395
31 398 583 732 931 1541 1632 1827
124 218 603 1043
14 55 307 496
22 56 271 418
22 503 742 2103 2296
46 211 725 764
7 71 301 601 691
3 351 630 784 1603 1763 3215
26 80 890 930 1025 1635 2070 2155
86 290 375 1005 1395
2 398 583 732 931 1541 1632 1827
124 218 603 1043
96 228 606 775 855
47 90 294 412 562 811
211 476 1006 3032
111 360 1125 1245 1425
32 75 405 559 695
44 339 820 1056 1942 2070 2545 3514 3848 4384 4475
31 120 1340 1950 2050 2860 3010 3190
87 321 421 871 1026 1086
25 200 575 1252 1323 1566 1646 2665 2710 2998
31 71 567 915 963 1062
96 228 606 775 855
47 90 294 412 562 811
211 476 1006 3032
111 360 1125 1245 1425
32 75 405 559 695
47 339 820 1056 1942 2070 2545 3514 3848 4384 4475
31 120 1340 1950 2050 2860 3010 3190
87 321 421 871 1026 1086
3 200 575 1252 1323 1566 1646 2665 2710 2998
31 71 567 915 963 1062
96 228 606 775 855
47 90 294 412 562 811
211 476 1006 3032
111 360 1125 1245 1425
32 75 405 559 695
23 339 820 1056 1942 2070 2545 3514 3848 4384 4475
31 120 1340 1950 2050 2860 3010 3190
87 321 421 871 1026 1086
3 200 575 1252 1323 1566 1646 2665 2710 2998
31 71 567 915 963 1062
96 228 606 775 855
47 90 294 412 562 811
211 476 1006 3032
111 360 1125 1245 1425
32 75 405 559 695
71 339 820 1056 1942 2070 2545 3514 3848 4384 4475
31 120 1340 1950 2050 2860 3010 3190
87 321 421 871 1026 1086
21 200 575 1252 1323 1566 1646 2665 2710 2998
31 71 567 915 963 1062
96 228 606 775 855
47 90 294 412 562 811
211 476 1006 3032
111 360 1125 1245 1425
32 75 405 559 695
47 339 820 1056 1942 2070 2545 3514 3848 4384 4475
31 120 1340 1950 2050 2860 3010 3190
87 321 421 871 1026 1086
3 200 575 1252 1323 1566 1646 2665 2710 2998
31 71 567 915 963 1062
12 250 445
36 115 360 563 758 927
50 409 953 1174 2430 2577 2892 2986
241 430 1229 1344 1499
21 130 869 1069 1229
3 199 932 1252 3638 4616 4975 9293 9383 9679
16 75 1798 3216 3316 3566
71 430 560 930 1360
81 932 1253 1652 1770 2327 2452 2930
11 120 480 830
12 250 445
36 115 360 563 758 927
241 430 1229 1344 1499
21 130 869 1069 1229
5 199 932 1252 3638 4616 4975 9293 9383 9679
16 75 1798 3216 3316 3566
71 430 560 930 1360
19 932 1253 1652 1770 2327 2452 2930
11 120 480 830
12 250 445
36 115 360 563 758 928
50 409 953 1174 2430 2577 2892 2986
241 430 1229 1344 1499
21 130 869 1069 1229
2 199 932 1252 3638 4616 4975 9293 9383 9679
71 430 560 930 1360
5 932 1253 1652 1770 2327 2452 2930
11 120 480 830
12 250 445
36 115 360 563 758 927
50 409 953 1174 2430 2577 2892 2986
241 430 1229 1344 1499
21 130 869 1069 1229
38 199 932 1252 3638 4616 4975 9293 9383 9679
16 75 1798 3216 3316 3566
71 430 560 930 1360
366 932 1253 1652 1770 2327 2452 2930
11 120 480 830
12 250 445
36 115 360 563 758 927
50 409 953 1174 2430 2577 2892 2986
241 430 1229 1344 1499
21 130 869 1069 1229
3 199 932 1252 3638 4616 4975 9293 9383 9679
16 75 1798 3216 3316 3566
71 430 560 930 1360
126 932 1253 1652 1770 2327 2452 2930
11 120 480 830
110 524 1517 2038 2245 2350 2550
12 64 246 480
8 308 647 980 1258 1754 2051
71 117 392 590
282 335 575 800
110 524 1517 2038 2245 2350 2550
16 115 1445 1610
12 64 246 480
105 173 762 1069 1543 2383 2793 3555 6940
30 109 2159 2219 2374 2554 4239 4939 5064
8 308 647 980 1258 1754 2050
126 156 315 575
71 117 392 590
110 524 1517 2038 2245 2350 2550
38 124 173 1462 1503 1630
12 64 246 480
105 173 762 1069 1543 2383 2793 3555 6940
30 109 2159 2219 2374 2554 4239 4939 5064
8 308 647 980 1258 1754 2049
126 156 315 575
71 117 392 590
282 335 575 800
110 524 1517 2038 2245 2350 2550
38 124 173 1462 1503 1632
12 64 246 480
105 173 762 1069 1543 2383 2793 3555 6940
30 109 2159 2219 2374 2554 4239 4939 5064
20 74 364 1034 1424
8 308 647 980 1258 1754 2050
126 156 315 575
71 117 392 590
282 335 575 800
110 524 1517 2038 2245 2350 2550
38 124 173 1462 1503 1630
12 64 246 480
105 173 762 1069 1543 2383 2793 3555 6940
30 109 2159 2219 2374 2554 4239 4939 5064
20 74 364 1034 1424
8 308 647 980 1258 1754 2050
126 156 315 575
30 137 372 575
24 183
81 616 954 1321 1427 1671 2157
10 114 509 779 974
46 195 654 948 1145 2509 3274 3693 5638
43 737 942 2364 3243 4863
118 437 507 962 1342
44 278 920 1149 1469 2246 2728
10 129 259 564
30 137 372 575
24 183
81 616 954 1321 1427 1671 2157
297 456 586 1136 1314 1484
10 114 509 779 974
46 195 654 948 1145 2509 3274 3693 5638
43 737 942 2364 3243 4863
118 437 507 962 1342
44 278 920 1149 1469 2246 2728
10 129 259 564
30 137 372 575
24 183
297 456 586 1136 1314 1484
10 114 509 779 974
118 437 507 962 1342
10 129 259 564
30 137 372 575
24 183
81 616 954 1321 1427 1671 2157
297 456 586 1136 1314 1484
10 114 509 779 974
46 195 654 948 1145 2509 3274 3693 5638
43 737 942 2364 3243 4863
118 437 507 962 1342
44 278 920 1149 1469 2246 2728
10 129 259 564
30 137 372 575
24 183
81 616 954 1321 1427 1671 2157
297 456 586 1136 1314 1484
10 114 509 779 974
46 195 654 948 1145 2509 3274 3693 5638
43 737 942 2364 3243 4863
118 437 507 962 1342
44 278 920 1149 1469 2246 2728
10 129 259 564
21 232 592 835
45 299 567
15 821 1296 2554 2722
41 195 1317 1492 1642
11 240 570
2 600 1029 1470 1933 2186 2633 3588 4089 7941 8090
356 486 3791
36 680 875 960
76 847 1675 1899 2595 2940 4162 4393
10 144 389
21 232 592 835
45 299 567
15 821 1296 2554 2722
41 195 1317 1492 1642
11 240 570
3 600 1029 1470 1933 2186 2633 3588 4089 7941 8090
76 847 1675 1899 2595 2940 4162 4393
10 144 389
21 232 592 835
45 299 567
15 821 1296 2554 2722
41 195 1317 1492 1642
11 240 570
362 485 3824
21 232 592 835
45 299 567
15 821 1296 2554 2722
41 195 1317 1492 1642
11 240 570
52 600 1029 1470 1933 2186 2633 3588 4089 7941 8090
356 486 3791
36 680 875 960
76 847 1675 1899 2595 2940 4162 4393
10 144 389
21 232 592 835
45 299 567
15 821 1296 2554 2722
41 195 1317 1492 1642
11 240 570
2 600 1029 1470 1933 2186 2633 3588 4089 7941 8090
356 486 3791
36 680 875 960
76 847 1675 1899 2595 2940 4162 4393
10 144 389
8 43 521 757 874
30 140 305
29 399 654 2795 3042
10 144 284 906 1031 1546
8 127 442 852 1137
18 451 1012 1255 1418 1892 2404 5116 5247 5350
241 1045 1835 3095
51 275 1290 1395
2 270 752 1224 1419 2615 2680
20 84 234 1087 1197
8 43 521 757 874
30 140 305
29 399 654 2795 3042
10 144 284 906 1031 1546
8 127 442 852 1137
39 451 1012 1255 1418 1892 2404 5116 5247 5350
241 1045 1835 3095
51 275 1290 1395
13 270 752 1224 1419 2615 2680
20 84 234 1087 1197
30 140 305
29 399 654 2795 3042
8 127 442 852 1137
20 84 234 1087 1197
8 43 521 757 874
30 140 305
29 399 654 2795 3042
10 144 284 906 1031 1546
8 127 442 852 1137
137 451 1012 1255 1418 1892 2404 5116 5247 5350
241 1045 1835 3095
51 275 1290 1395
14 270 752 1224 1419 2615 2680
20 84 234 1087 1197
8 43 521 757 874
30 140 305
29 399 654 2795 3042
10 144 284 906 1031 1546
8 127 442 852 1137
33 451 1012 1255 1418 1892 2404 5116 5247 5350
241 1045 1835 3095
51 275 1290 1395
29 270 752 1224 1419 2615 2680
20 84 234 1087 1197
28 135 428 597
16 146 319 558 628
2 400 598 807 967 2196 2310
46 163 247 414 443 1009 1212
32 141 471 691 971
3 439 950 1181 2932 3062 3409 5161 5329
111 225 280 440 1430 2540 2600 2850 2875 2995 3045 3165 3260 3390 3435 3565 3605 4010
136 583 916 1080 1150
5 395 586 1065 1754 2552 2818 4083 4225
26 101 216 396
28 135 428 597
16 146 319 558 628
24 400 598 807 967 2196 2310
46 163 247 414 443 1009 1212
32 141 471 691 971
20 439 950 1181 2932 3062 3409 5161 5329
111 225 280 440 1430 2540 2600 2850 2875 2995 3045 3165 3260 3390 3435 3565 3605 4010
136 583 916 1080 1150
5 395 586 1065 1754 2552 2818 4083 4225
3 101 216 396
28 135 428 597
3 101 216 396
28 135 428 597
16 146 319 558 628
9 400 598 807 967 2196 2310
46 163 247 414 443 1009 1212
32 141 471 691 971
18 439 950 1181 2932 3062 3409 5161 5329
111 225 280 440 1430 2540 2600 2850 2875 2995 3045 3165 3260 3390 3435 3565 3605 4010
136 583 916 1080 1150
3 101 216 396
28 135 428 597
16 146 319 558 628
18 400 598 807 967 2196 2310
46 163 247 414 443 1009 1212
32 141 471 691 971
2 439 950 1181 2932 3062 3409 5161 5329
111 225 280 440 1430 2540 2600 2850 2875 2995 3045 3165 3260 3390 3435 3565 3605 4010
136 583 916 1080 1150
5 395 586 1065 1754 2552 2818 4083 4225
16 101 216 396
18 132 511 671
10 389 2770 2918 3014
60 199 296 431 491 918 1083 1203
80 339 599 779
33 469 903 1135 1840 2016 3676 3849 4013
45 152 252 2056 2336 2726 4825 5265 5435
41 165 995 1510 1700 1750
2 696 1402 1852 2211 3016 3166 3416
31 175 345 465
18 132 511 671
71 235
10 389 2770 2918 3014
60 199 296 431 491 918 1083 1203
80 339 599 779
49 469 903 1135 1840 2016 3676 3849 4013
45 152 252 2056 2336 2726 4825 5265 5435
41 165 995 1510 1700 1750
143 696 1402 1852 2211 3016 3166 3416
31 175 345 465
18 132 511 671
71 235
80 339 599 779
18 132 511 671
71 235
10 389 2770 2918 3014
60 199 296 431 491 918 1083 1203
80 339 599 779
30 469 903 1135 1840 2016 3676 3849 4013
45 152 252 2056 2336 2726 4825 5265 5435
41 165 995 1510 1700 1750
2 696 1402 1852 2211 3016 3166 3416
31 175 345 465
18 132 511 671
71 235
10 389 2770 2918 3014
60 199 296 431 491 918 1083 1203
80 339 599 779
14 469 903 1135 1840 2016 3676 3849 4013
45 152 252 2056 2336 2726 4825 5265 5435
41 165 995 1510 1700 1750
134 696 1402 1852 2211 3016 3166 3416
31 175 345 465
29 244 520 681
37 252
2 532 729 5093 5173
81 330 1155 1245 1375
74 373 710
7 446 680 962 1430 2006 2320 2488 5120 5239 6165 6288
31 385 1340 2380 2505 2585 3050 3405 3855 4070 4155 4215
370 674 1224 1744 1794
87 622 770 1003 1127 1180 2806 2912 3424
11 110 340
29 244 520 681
37 252
2 532 729 5093 5173
81 330 1155 1245 1375
7 446 680 962 1430 2006 2320 2488 5120 5239 6165 6288
31 385 1340 2380 2505 2585 3050 3405 3855 4070 4155 4215
370 674 1224 1744 1794
2 622 770 1003 1127 1180 2806 2912 3424
11 110 340
29 244 520 681
37 252
2 532 729 5093 5173
81 330 1155 1245 1375
31 385 1340 2380 2505 2585 3050 3405 3855 4070 4155 4215
370 674 1224 1744 1794
28 622 770 1003 1127 1180 2806 2912 3424
11 110 340
29 244 520 681
37 252
2 532 729 5093 5173
81 330 1155 1245 1375
74 373 688 711
7 446 680 962 1430 2006 2320 2488 5120 5239 6165 6288
31 385 1340 2380 2505 2585 3050 3405 3855 4070 4155 4215
370 674 1224 1744 1794
6 622 770 1003 1127 1180 2806 2912 3424
11 110 340
37 252
2 532 729 5093 5173
81 330 1155 1245 1375
74 373 710
7 446 680 962 1430 2006 2320 2488 5120 5239 6165 6288
31 385 1340 2380 2505 2585 3050 3405 3855 4070 4155 4215
370 674 1224 1744 1794
2 622 770 1003 1127 1180 2806 2912 3424
11 110 340
8 51 257 421
10 309 417 562 689
9 363 628 958 1280 1461 1571
11 40 140 336 1471 1571 1871
41 210 414 519 681 761
3 322 542 735 874 1607 1858 2862 2999 4783 4905
18 33 72 1843 1886 2170 2230 3030 3359 3460
61 260 880 1120
7 216 478 869 916 1316 1411 1577
3 186 376 625 994
8 51 257 421
10 309 417 562 689
9 363 628 958 1280 1461 1571
11 40 140 336 1471 1571 1871
41 210 414 519 681 761
8 322 542 735 874 1607 1858 2862 2999 4783 4905
18 33 72 1843 1886 2170 2230 3030 3359 3460
61 260 880 1120
2 216 478 869 916 1316 1411 1577
3 186 376 625 994
8 51 257 421
10 309 417 562 689
11 40 140 336 1471 1571 1871
41 210 414 519 681 761
20 322 542 735 874 1607 1858 2862 2999 4783 4905
61 260 880 1120
2 216 478 869 916 1316 1411 1577
3 186 376 625 994
8 51 257 421
10 309 417 562 689
9 363 628 958 1280 1461 1571
11 40 140 336 1471 1571 1871
41 210 414 519 681 761
62 322 542 735 874 1607 1858 2862 2999 4783 4905
18 33 72 1843 1886 2170 2230 3030 3359 3460
61 260 880 1120
2 216 478 869 916 1316 1411 1577
3 186 376 625 994
8 51 257 421
10 309 417 562 689
9 363 628 958 1280 1461 1571
11 40 140 336 1471 1571 1871
41 210 414 519 681 761
3 322 542 735 874 1607 1858 2862 2999 4783 4905
18 33 72 1843 1886 2170 2230 3030 3359 3460
61 260 880 1120
2 216 478 869 916 1316 1411 1577
3 186 376 625 994
23 92 347 541 692
43 1051 1248 1696 2630 2721 2880
206 330 1080 1320 1460
11 517 797 867 1133 1297
88 386 845 1105 1300 2375 2564 5488 5660 5791
11 40 985 1095 1395 2155 2515 3175 3314 3374
126 345 630 820 870
41 638 854 965 1440 1771 1943 2088 2933 3019 3389
21 181 331 651
23 92 347 541 692
41 118 333 610 970 1122
43 1051 1248 1696 2630 2721 2880
206 330 1080 1320 1460
11 517 797 867 1133 1297
88 386 845 1105 1300 2375 2564 5488 5660 5791
11 40 985 1095 1395 2155 2515 3175 3314 3374
126 345 630 820 870
41 638 854 965 1440 1771 1943 2088 2933 3019 3389
21 181 331 651
23 92 347 541 692
41 118 333 610 970 1122
206 330 1080 1320 1460
11 517 797 867 1133 1297
11 40 985 1095 1395 2155 2515 3175 3314 3374
126 345 630 820 870
21 181 331 651
23 92 347 541 692
41 129
43 1051 1248 1696 2630 2721 2880
206 330 1080 1320 1460
11 517 797 867 1133 1297
88 386 845 1105 1300 2375 2564 5488 5660 5791
11 40 985 1095 1395 2155 2515 3175 3314 3374
126 345 630 820 870
41 638 854 965 1440 1771 1943 2088 2933 3019 3389
21 181 331 651
23 92 347 541 692
41 118 333 610 970 1122
43 1051 1248 1696 2630 2721 2880
206 330 1080 1320 1460
11 517 797 867 1133 1297
88 386 845 1105 1300 2375 2564 5488 5660 5791
11 40 985 1095 1395 2155 2515 3175 3314 3374
126 345 630 820 870
41 638 854 965 1440 1771 1943 2088 2933 3019 3389
21 181 331 651
86 840 3092 3227
133 286 2057 2157 2892
181 410 620 997
333 528 1037 1302 2127 2278 2469 2704
108 1647 1707 2397 2507 3691 4161 4191 4556 4600
202 741 1084 1178 1412 1944 2497 5119 5242
448 557 753
95 191 391 612
143 505 589
86 840 3092 3227
133 286 2057 2157 2892
181 410 620 997
333 528 1037 1302 2127 2278 2469 2704
108 1647 1707 2397 2507 3691 4161 4191 4556 4600
202 741 1084 1178 1412 1944 2497 5119 5242
448 557 753
95 191 391 612
143 505 589
86 840 3092 3227
181 410 620 997
333 528 1037 1302 2127 2278 2469 2704
108 1647 1707 2397 2507 3691 4161 4191 4556 4600
154 338 548 1185
202 741 1084 1178 1412 1944 2497 5119 5242
448 557 753
95 191 391 612
143 505 589
86 840 3092 3227
133 286 2057 2157 2892
181 410 620 997
333 528 1037 1302 2127 2278 2469 2704
108 1647 1707 2397 2507 3691 4161 4191 4556 4600
154 338 548 2248 2518 2553
202 741 1084 1178 1412 1944 2497 5119 5242
448 557 753
95 191 391 612
143 505 589
86 840 3092 3227
133 286 2057 2157 2892
181 410 620 997
333 528 1037 1302 2127 2278 2469 2704
108 1647 1707 2397 2507 3691 4161 4191 4556 4600
154 338 548 2248 2518 2553
202 741 1084 1178 1412 1944 2497 5119 5242
448 557 753
10 290 525 831
4 182 476 883 1012 1807 1922
2 301 500 726 1076 1843 1947 3648 3735 3825
36 360 555 1592 1770 2145 2248 2324
10 290 525 831
10 53 301 478 634 821
2 182 476 883 1012 1807 1922
71 139 439 588 748 1016 1111
3 386 737 789
3 301 500 726 1076 1843 1947 3648 3735 3825
6 604 1414 1504 1649
6 185 668 713 738
18 360 555 1592 1770 2145 2248 2325
11 100 315 670
10 290 525 831
10 53 301 478 634 821
9 182 476 883 1012 1807 1922
71 139 439 588 748 1016 1111
3 386 737 789
6 604 1414 1504 1643
6 185 668 713 738
30 360 555 1592 1770 2145 2248 2324
11 100 315 670
10 290 525 831
10 53 301 478 634 821
2 182 476 883 1012 1807 1923
71 139 439 588 748 1016 1111
3 386 737 789
2 301 500 726 1076 1843 1947 3648 3735 3825
6 604 1414 1504 1649
6 185 668 713 738
3 360 555 1592 1770 2145 2248 2324
11 100 315 670
10 290 525 831
10 53 301 478 634 821
24 182 476 883 1012 1807 1922
71 139 439 588 748 1016 1111
3 386 737 789
2 301 500 726 1076 1843 1947 3648 3735 3825
7 604 1414 1504 1649
6 185 668 713 738
42 360 555 1592 1770 2145 2248 2324
11 100 315 670
6 385 594 742
22 306 740 837 1453 1522
62 172 751 891
18 223 504 690 1016 1334 1707 1835 2060 2414
11 360 469 489 576 606 711 751 941 1175 1228
4 247 519 904 974
2 202 1685 2136 2651 3315 3413 3673
6 385 594 742
6 91 286 431 601 687
22 306 740 837 1453 1522
62 172 751 891
47 214 564
3 223 504 690 1016 1334 1707 1835 2060 3277 3329
11 360 469 489 576 606 711 751 941 1175 1228
3 202 1685 2136 2651 3315 3413 3673
37 91 228 743 883
6 385 594 742
6 91 286 431 601 687
22 306 740 837 1453 1522
62 172 751 891
47 214 564
3 223 504 690 1016 1334 1707 1835 2060 3277 3329
11 360 469 489 576 606 711 751 941 1175 1228
4 247 519 904 974
2 202 1685 2136 2651 3315 3413 3673
37 91 228 743 883
6 385 594 742
6 91 286 431 601 687
22 306 740 837 1453 1522
62 172 751 891
47 214 564
3 223 504 690 1016 1334 1707 1835 2060 3277 3329
2 202 1685 2136 2651 3315 3413 3476
37 91 228 743 883
6 385 594 742
6 91 286 431 601 687
22 306 740 837 1453 1522
62 172 751 891
47 214 564
3 223 504 690 1016 1334 1707 1835 2060 3277 3329
11 360 469 489 576 606 711 751 941 1175 1228
4 247 519 904 974
3 202 1685 2136 2651 3315 3413 3673
37 91 228 743 883
